359.9859	0.3726
359.9719	0.3766
359.9578	0.3850
359.9438	0.3964
359.9297	0.4032
359.9156	0.4057
359.9016	0.4129
359.8875	0.4219
359.8734	0.4269
359.8594	0.4319
359.8453	0.4369
359.8313	0.4431
359.8172	0.4514
359.8031	0.4561
359.7891	0.4571
359.7750	0.4628
359.7609	0.4692
359.7469	0.4719
359.7328	0.4747
359.7187	0.4801
359.7047	0.4844
359.6906	0.4873
359.6766	0.4905
359.6625	0.4913
359.6484	0.4950
359.6344	0.4966
359.6203	0.4985
359.6062	0.5009
359.5922	0.5010
359.5781	0.5025
359.5641	0.5045
359.5500	0.5048
359.5359	0.5060
359.5219	0.5075
359.5078	0.5075
359.4937	0.5075
359.4797	0.5075
359.4656	0.5075
359.4516	0.5075
359.4375	0.5075
359.4234	0.5075
359.4094	0.5075
359.3953	0.5075
359.3813	0.5075
359.3672	0.5070
359.3531	0.5055
359.3391	0.5035
359.3250	0.5018
359.3109	0.4993
359.2969	0.4971
359.2828	0.4939
359.2688	0.4902
359.2547	0.4862
359.2406	0.4827
359.2266	0.4780
359.2125	0.4740
359.1984	0.4687
359.1844	0.4641
359.1703	0.4584
359.1562	0.4525
359.1422	0.4467
359.1281	0.4399
359.1141	0.4332
359.1000	0.4273
359.0859	0.4209
359.0719	0.4133
359.0578	0.4063
359.0437	0.3984
359.0297	0.3913
359.0156	0.3833
359.0016	0.3748
358.9875	0.3665
358.9734	0.3583
358.9594	0.3496
358.9453	0.3401
358.9312	0.3312
358.9172	0.3220
358.9031	0.3118
358.8891	0.3025
358.8750	0.2922
358.8609	0.2821
358.8469	0.2715
358.8328	0.2614
358.8188	0.2504
358.8047	0.2401
358.7906	0.2294
358.7766	0.2192
358.7625	0.2083
358.7484	0.1983
358.7344	0.1876
358.7203	0.1779
358.7063	0.1678
358.6922	0.1580
358.6781	0.1479
358.6641	0.1385
358.6500	0.1281
358.6359	0.1180
358.6219	0.1087
358.6078	0.0984
358.5937	0.0870
358.5797	0.0788
358.5656	0.0682
358.5516	0.0580
358.5375	0.0473
358.5234	0.0368
358.5094	0.0266
358.4953	0.0166
358.4812	0.0066
358.4672	-0.0043
358.4531	-0.0153
358.4391	-0.0254
358.4250	-0.0357
358.4109	-0.0473
358.3969	-0.0570
358.3828	-0.0674
358.3687	-0.0775
358.3547	-0.0876
358.3406	-0.0979
358.3266	-0.1076
358.3125	-0.1186
358.2984	-0.1270
358.2844	-0.1379
358.2703	-0.1475
358.2563	-0.1576
358.2422	-0.1673
358.2281	-0.1777
358.2141	-0.1865
358.2000	-0.1973
358.1859	-0.2078
358.1719	-0.2179
358.1578	-0.2272
358.1438	-0.2381
358.1297	-0.2482
358.1156	-0.2595
358.1016	-0.2698
358.0875	-0.2812
358.0734	-0.2905
358.0594	-0.3015
358.0453	-0.3114
358.0312	-0.3208
358.0172	-0.3310
358.0031	-0.3402
357.9891	-0.3497
357.9750	-0.3584
357.9609	-0.3670
357.9469	-0.3752
357.9328	-0.3831
357.9187	-0.3909
357.9047	-0.3987
357.8906	-0.4055
357.8766	-0.4129
357.8625	-0.4203
357.8484	-0.4257
357.8344	-0.4336
357.8203	-0.4390
357.8062	-0.4452
357.7922	-0.4510
357.7781	-0.4572
357.7641	-0.4624
357.7500	-0.4665
357.7359	-0.4724
357.7219	-0.4780
357.7078	-0.4824
357.6938	-0.4857
357.6797	-0.4904
357.6656	-0.4927
357.6516	-0.4954
357.6375	-0.4990
357.6234	-0.5016
357.6094	-0.5029
357.5953	-0.5050
357.5813	-0.5067
357.5672	-0.5072
357.5531	-0.5072
357.5391	-0.5072
357.5250	-0.5072
357.5109	-0.5072
357.4969	-0.5072
357.4828	-0.5072
357.4687	-0.5072
357.4547	-0.5072
357.4406	-0.5072
357.4266	-0.5072
357.4125	-0.5056
357.3984	-0.5053
357.3844	-0.5046
357.3703	-0.5034
357.3562	-0.5018
357.3422	-0.5009
357.3281	-0.4991
357.3141	-0.4971
357.3000	-0.4955
357.2859	-0.4936
357.2719	-0.4905
357.2578	-0.4890
357.2437	-0.4857
357.2297	-0.4825
357.2156	-0.4798
357.2016	-0.4771
357.1875	-0.4721
357.1734	-0.4689
357.1594	-0.4639
357.1453	-0.4594
357.1313	-0.4546
357.1172	-0.4487
357.1031	-0.4450
357.0891	-0.4396
357.0750	-0.4339
357.0609	-0.4280
357.0469	-0.4217
357.0328	-0.4160
357.0188	-0.4086
357.0047	-0.4032
356.9906	-0.3967
356.9766	-0.3888
356.9625	-0.3818
356.9484	-0.3737
356.9344	-0.3664
356.9203	-0.3576
356.9062	-0.3481
356.8922	-0.3398
356.8781	-0.3311
356.8641	-0.3211
356.8500	-0.3120
356.8359	-0.3024
356.8219	-0.2924
356.8078	-0.2832
356.7937	-0.2721
356.7797	-0.2622
356.7656	-0.2519
356.7516	-0.2421
356.7375	-0.2306
356.7234	-0.2209
356.7094	-0.2097
356.6953	-0.1986
356.6812	-0.1874
356.6672	-0.1777
356.6531	-0.1667
356.6391	-0.1572
356.6250	-0.1448
356.6109	-0.1341
356.5969	-0.1231
356.5828	-0.1127
356.5688	-0.1011
356.5547	-0.0897
356.5406	-0.0781
356.5266	-0.0675
356.5125	-0.0549
356.4984	-0.0439
356.4844	-0.0322
356.4703	-0.0216
356.4563	-0.0092
356.4422	0.0017
356.4281	0.0134
356.4141	0.0241
356.4000	0.0365
356.3859	0.0471
356.3719	0.0590
356.3578	0.0699
356.3437	0.0815
356.3297	0.0917
356.3156	0.1032
356.3016	0.1138
356.2875	0.1241
356.2734	0.1351
356.2594	0.1453
356.2453	0.1562
356.2312	0.1673
356.2172	0.1771
356.2031	0.1874
356.1891	0.1971
356.1750	0.2077
356.1609	0.2197
356.1469	0.2294
356.1328	0.2389
356.1187	0.2498
356.1047	0.2592
356.0906	0.2703
356.0766	0.2794
356.0625	0.2898
356.0484	0.2992
356.0344	0.3092
356.0203	0.3177
356.0063	0.3275
355.9922	0.3361
355.9781	0.3451
355.9641	0.3534
355.9500	0.3614
355.9359	0.3698
355.9219	0.3774
355.9078	0.3848
355.8938	0.3926
355.8797	0.3983
355.8656	0.4061
355.8516	0.4129
355.8375	0.4186
355.8234	0.4249
355.8094	0.4306
355.7953	0.4367
355.7812	0.4418
355.7672	0.4475
355.7531	0.4525
355.7391	0.4567
355.7250	0.4620
355.7109	0.4665
355.6969	0.4709
355.6828	0.4747
355.6687	0.4791
355.6547	0.4818
355.6406	0.4859
355.6266	0.4892
355.6125	0.4918
355.5984	0.4949
355.5844	0.4966
355.5703	0.4993
355.5562	0.5010
355.5422	0.5032
355.5281	0.5047
355.5141	0.5072
355.5000	0.5085
355.4859	0.5093
355.4719	0.5109
355.4578	0.5116
355.4438	0.5141
355.4297	0.5141
355.4156	0.5141
355.4016	0.5141
355.3875	0.5141
355.3734	0.5141
355.3594	0.5141
355.3453	0.5141
355.3313	0.5141
355.3172	0.5141
355.3031	0.5141
355.2891	0.5141
355.2750	0.5124
355.2609	0.5099
355.2469	0.5080
355.2328	0.5058
355.2187	0.5023
355.2047	0.4993
355.1906	0.4952
355.1766	0.4915
355.1625	0.4865
355.1484	0.4821
355.1344	0.4778
355.1203	0.4717
355.1062	0.4658
355.0922	0.4599
355.0781	0.4540
355.0641	0.4483
355.0500	0.4405
355.0359	0.4344
355.0219	0.4274
355.0078	0.4204
354.9937	0.4118
354.9797	0.4046
354.9656	0.3969
354.9516	0.3887
354.9375	0.3803
354.9234	0.3721
354.9094	0.3624
354.8953	0.3531
354.8813	0.3437
354.8672	0.3338
354.8531	0.3239
354.8391	0.3154
354.8250	0.3036
354.8109	0.2943
354.7969	0.2823
354.7828	0.2724
354.7688	0.2605
354.7547	0.2496
354.7406	0.2392
354.7266	0.2283
354.7125	0.2173
354.6984	0.2064
354.6844	0.1960
354.6703	0.1864
354.6562	0.1760
354.6422	0.1655
354.6281	0.1553
354.6141	0.1450
354.6000	0.1357
354.5859	0.1250
354.5719	0.1147
354.5578	0.1047
354.5437	0.0937
354.5297	0.0838
354.5156	0.0726
354.5016	0.0626
354.4875	0.0521
354.4734	0.0420
354.4594	0.0322
354.4453	0.0208
354.4312	0.0094
354.4172	-0.0008
354.4031	-0.0123
354.3891	-0.0221
354.3750	-0.0330
354.3609	-0.0451
354.3469	-0.0554
354.3328	-0.0656
354.3188	-0.0765
354.3047	-0.0867
354.2906	-0.0974
354.2766	-0.1075
354.2625	-0.1182
354.2484	-0.1277
354.2344	-0.1389
354.2203	-0.1482
354.2063	-0.1587
354.1922	-0.1678
354.1781	-0.1794
354.1641	-0.1889
354.1500	-0.1993
354.1359	-0.2094
354.1219	-0.2214
354.1078	-0.2306
354.0937	-0.2412
354.0797	-0.2513
354.0656	-0.2619
354.0516	-0.2732
354.0375	-0.2846
354.0234	-0.2937
354.0094	-0.3032
353.9953	-0.3135
353.9812	-0.3226
353.9672	-0.3331
353.9531	-0.3426
353.9391	-0.3517
353.9250	-0.3610
353.9109	-0.3696
353.8969	-0.3783
353.8828	-0.3869
353.8687	-0.3947
353.8547	-0.4024
353.8406	-0.4099
353.8266	-0.4160
353.8125	-0.4229
353.7984	-0.4308
353.7844	-0.4369
353.7703	-0.4429
353.7563	-0.4496
353.7422	-0.4550
353.7281	-0.4619
353.7141	-0.4670
353.7000	-0.4725
353.6859	-0.4779
353.6719	-0.4825
353.6578	-0.4867
353.6438	-0.4915
353.6297	-0.4953
353.6156	-0.4992
353.6016	-0.5028
353.5875	-0.5051
353.5734	-0.5084
353.5594	-0.5098
353.5453	-0.5118
353.5312	-0.5136
353.5172	-0.5136
353.5031	-0.5136
353.4891	-0.5136
353.4750	-0.5136
353.4609	-0.5136
353.4469	-0.5136
353.4328	-0.5136
353.4187	-0.5136
353.4047	-0.5136
353.3906	-0.5136
353.3766	-0.5136
353.3625	-0.5128
353.3484	-0.5113
353.3344	-0.5113
353.3203	-0.5105
353.3062	-0.5072
353.2922	-0.5061
353.2781	-0.5054
353.2641	-0.5031
353.2500	-0.5011
353.2359	-0.4978
353.2219	-0.4964
353.2078	-0.4933
353.1938	-0.4909
353.1797	-0.4877
353.1656	-0.4834
353.1516	-0.4797
353.1375	-0.4759
353.1234	-0.4715
353.1094	-0.4677
353.0953	-0.4624
353.0813	-0.4578
353.0672	-0.4525
353.0531	-0.4463
353.0391	-0.4411
353.0250	-0.4352
353.0109	-0.4297
352.9969	-0.4229
352.9828	-0.4174
352.9687	-0.4105
352.9547	-0.4033
352.9406	-0.3967
352.9266	-0.3893
352.9125	-0.3820
352.8984	-0.3744
352.8844	-0.3661
352.8703	-0.3582
352.8562	-0.3489
352.8422	-0.3411
352.8281	-0.3319
352.8141	-0.3233
352.8000	-0.3127
352.7859	-0.3035
352.7719	-0.2930
352.7578	-0.2842
352.7437	-0.2733
352.7297	-0.2625
352.7156	-0.2527
352.7016	-0.2429
352.6875	-0.2314
352.6734	-0.2211
352.6594	-0.2108
352.6453	-0.2009
352.6313	-0.1898
352.6172	-0.1786
352.6031	-0.1678
352.5891	-0.1581
352.5750	-0.1462
352.5609	-0.1359
352.5469	-0.1258
352.5328	-0.1146
352.5188	-0.1030
352.5047	-0.0918
352.4906	-0.0813
352.4766	-0.0699
352.4625	-0.0581
352.4484	-0.0469
352.4344	-0.0363
352.4203	-0.0244
352.4062	-0.0119
352.3922	-0.0012
352.3781	0.0100
352.3641	0.0217
352.3500	0.0339
352.3359	0.0454
352.3219	0.0561
352.3078	0.0672
352.2937	0.0794
352.2797	0.0907
352.2656	0.1008
352.2516	0.1123
352.2375	0.1240
352.2234	0.1342
352.2094	0.1444
352.1953	0.1554
352.1812	0.1666
352.1672	0.1773
352.1531	0.1880
352.1391	0.1982
352.1250	0.2098
352.1109	0.2205
352.0969	0.2312
352.0828	0.2414
352.0688	0.2532
352.0547	0.2625
352.0406	0.2722
352.0266	0.2827
352.0125	0.2937
351.9984	0.3026
351.9844	0.3127
351.9703	0.3231
351.9563	0.3319
351.9422	0.3407
351.9281	0.3490
351.9141	0.3579
351.9000	0.3660
351.8859	0.3741
351.8719	0.3825
351.8578	0.3900
351.8437	0.3969
351.8297	0.4046
351.8156	0.4109
351.8016	0.4183
351.7875	0.4245
351.7734	0.4301
351.7594	0.4371
351.7453	0.4422
351.7312	0.4483
351.7172	0.4538
351.7031	0.4578
351.6891	0.4625
351.6750	0.4675
351.6609	0.4724
351.6469	0.4753
351.6328	0.4796
351.6187	0.4842
351.6047	0.4862
351.5906	0.4906
351.5766	0.4934
351.5625	0.4972
351.5484	0.4989
351.5344	0.5008
351.5203	0.5033
351.5063	0.5050
351.4922	0.5067
351.4781	0.5082
351.4641	0.5091
351.4500	0.5108
351.4359	0.5122
351.4219	0.5129
351.4078	0.5129
351.3938	0.5129
351.3797	0.5129
351.3656	0.5129
351.3516	0.5129
351.3375	0.5129
351.3234	0.5129
351.3094	0.5129
351.2953	0.5129
351.2812	0.5129
351.2672	0.5124
351.2531	0.5120
351.2391	0.5094
351.2250	0.5073
351.2109	0.5046
351.1969	0.5022
351.1828	0.4995
351.1687	0.4955
351.1547	0.4914
351.1406	0.4882
351.1266	0.4835
351.1125	0.4786
351.0984	0.4732
351.0844	0.4687
351.0703	0.4629
351.0562	0.4568
351.0422	0.4515
351.0281	0.4441
351.0141	0.4379
351.0000	0.4304
350.9859	0.4237
350.9719	0.4158
350.9578	0.4094
350.9438	0.4021
350.9297	0.3939
350.9156	0.3856
350.9016	0.3784
350.8875	0.3691
350.8734	0.3606
350.8594	0.3521
350.8453	0.3433
350.8313	0.3327
350.8172	0.3244
350.8031	0.3144
350.7891	0.3042
350.7750	0.2936
350.7609	0.2833
350.7469	0.2727
350.7328	0.2623
350.7187	0.2516
350.7047	0.2415
350.6906	0.2304
350.6766	0.2203
350.6625	0.2092
350.6484	0.1993
350.6344	0.1884
350.6203	0.1784
350.6062	0.1679
350.5922	0.1587
350.5781	0.1474
350.5641	0.1378
350.5500	0.1275
350.5359	0.1170
350.5219	0.1068
350.5078	0.0979
350.4937	0.0876
350.4797	0.0775
350.4656	0.0668
350.4516	0.0563
350.4375	0.0455
350.4234	0.0347
350.4094	0.0241
350.3953	0.0138
350.3813	0.0027
350.3672	-0.0075
350.3531	-0.0183
350.3391	-0.0285
350.3250	-0.0400
350.3109	-0.0510
350.2969	-0.0621
350.2828	-0.0716
350.2688	-0.0830
350.2547	-0.0927
350.2406	-0.1020
350.2266	-0.1123
350.2125	-0.1229
350.1984	-0.1328
350.1844	-0.1431
350.1703	-0.1527
350.1562	-0.1627
350.1422	-0.1726
350.1281	-0.1822
350.1141	-0.1922
350.1000	-0.2023
350.0859	-0.2141
350.0719	-0.2234
350.0578	-0.2328
350.0437	-0.2451
350.0297	-0.2541
350.0156	-0.2657
350.0016	-0.2760
349.9875	-0.2865
349.9734	-0.2969
349.9594	-0.3076
349.9453	-0.3176
349.9312	-0.3273
349.9172	-0.3368
349.9031	-0.3452
349.8891	-0.3549
349.8750	-0.3639
349.8609	-0.3721
349.8469	-0.3804
349.8328	-0.3885
349.8188	-0.3967
349.8047	-0.4037
349.7906	-0.4121
349.7766	-0.4187
349.7625	-0.4249
349.7484	-0.4322
349.7344	-0.4392
349.7203	-0.4446
349.7063	-0.4510
349.6922	-0.4562
349.6781	-0.4623
349.6641	-0.4679
349.6500	-0.4739
349.6359	-0.4783
349.6219	-0.4829
349.6078	-0.4874
349.5937	-0.4914
349.5797	-0.4949
349.5656	-0.4987
349.5516	-0.5019
349.5375	-0.5047
349.5234	-0.5062
349.5094	-0.5077
349.4953	-0.5103
349.4812	-0.5111
349.4672	-0.5111
349.4531	-0.5111
349.4391	-0.5111
349.4250	-0.5111
349.4109	-0.5111
349.3969	-0.5111
349.3828	-0.5111
349.3687	-0.5111
349.3547	-0.5111
349.3406	-0.5111
349.3266	-0.5105
349.3125	-0.5091
349.2984	-0.5075
349.2844	-0.5074
349.2703	-0.5066
349.2563	-0.5044
349.2422	-0.5038
349.2281	-0.5020
349.2141	-0.5000
349.2000	-0.4981
349.1859	-0.4964
349.1719	-0.4945
349.1578	-0.4912
349.1438	-0.4889
349.1297	-0.4869
349.1156	-0.4820
349.1016	-0.4791
349.0875	-0.4752
349.0734	-0.4711
349.0594	-0.4677
349.0453	-0.4639
349.0312	-0.4590
349.0172	-0.4532
349.0031	-0.4485
348.9891	-0.4425
348.9750	-0.4378
348.9609	-0.4320
348.9469	-0.4258
348.9328	-0.4200
348.9187	-0.4129
348.9047	-0.4071
348.8906	-0.3999
348.8766	-0.3932
348.8625	-0.3859
348.8484	-0.3787
348.8344	-0.3708
348.8203	-0.3631
348.8062	-0.3539
348.7922	-0.3460
348.7781	-0.3369
348.7641	-0.3284
348.7500	-0.3192
348.7359	-0.3103
348.7219	-0.3010
348.7078	-0.2905
348.6938	-0.2799
348.6797	-0.2707
348.6656	-0.2601
348.6516	-0.2504
348.6375	-0.2397
348.6234	-0.2289
348.6094	-0.2184
348.5953	-0.2078
348.5813	-0.1965
348.5672	-0.1865
348.5531	-0.1750
348.5391	-0.1651
348.5250	-0.1544
348.5109	-0.1438
348.4969	-0.1332
348.4828	-0.1234
348.4687	-0.1120
348.4547	-0.1009
348.4406	-0.0896
348.4266	-0.0788
348.4125	-0.0670
348.3984	-0.0560
348.3844	-0.0446
348.3703	-0.0339
348.3562	-0.0207
348.3422	-0.0104
348.3281	0.0010
348.3141	0.0121
348.3000	0.0239
348.2859	0.0352
348.2719	0.0470
348.2578	0.0575
348.2437	0.0696
348.2297	0.0827
348.2156	0.0938
348.2016	0.1051
348.1875	0.1162
348.1734	0.1259
348.1594	0.1365
348.1453	0.1463
348.1313	0.1589
348.1172	0.1691
348.1031	0.1798
348.0891	0.1893
348.0750	0.2004
348.0609	0.2100
348.0469	0.2201
348.0328	0.2292
348.0188	0.2405
348.0047	0.2505
347.9906	0.2604
347.9766	0.2693
347.9625	0.2793
347.9484	0.2888
347.9344	0.2976
347.9203	0.3074
347.9062	0.3180
347.8922	0.3268
347.8781	0.3350
347.8641	0.3434
347.8500	0.3519
347.8359	0.3609
347.8219	0.3676
347.8078	0.3751
347.7937	0.3829
347.7797	0.3895
347.7656	0.3970
347.7516	0.4028
347.7375	0.4101
347.7234	0.4162
347.7094	0.4217
347.6953	0.4268
347.6812	0.4330
347.6672	0.4386
347.6531	0.4431
347.6391	0.4476
347.6250	0.4533
347.6109	0.4572
347.5969	0.4620
347.5828	0.4653
347.5688	0.4689
347.5547	0.4734
347.5406	0.4763
347.5266	0.4775
347.5125	0.4824
347.4984	0.4847
347.4844	0.4869
347.4703	0.4891
347.4563	0.4918
347.4422	0.4930
347.4281	0.4947
347.4141	0.4962
347.4000	0.4986
347.3859	0.4988
347.3719	0.4997
347.3578	0.5013
347.3437	0.5018
347.3297	0.5018
347.3156	0.5018
347.3016	0.5018
347.2875	0.5018
347.2734	0.5018
347.2594	0.5018
347.2453	0.5018
347.2312	0.5018
347.2172	0.5018
347.2031	0.5016
347.1891	0.5016
347.1750	0.5005
347.1609	0.4987
347.1469	0.4959
347.1328	0.4934
347.1187	0.4903
347.1047	0.4878
347.0906	0.4835
347.0766	0.4791
347.0625	0.4746
347.0484	0.4705
347.0344	0.4648
347.0203	0.4593
347.0063	0.4538
346.9922	0.4482
346.9781	0.4418
346.9641	0.4352
346.9500	0.4289
346.9359	0.4228
346.9219	0.4156
346.9078	0.4086
346.8938	0.4015
346.8797	0.3939
346.8656	0.3871
346.8516	0.3790
346.8375	0.3703
346.8234	0.3625
346.8094	0.3532
346.7953	0.3451
346.7812	0.3354
346.7672	0.3266
346.7531	0.3175
346.7391	0.3075
346.7250	0.2960
346.7109	0.2863
346.6969	0.2762
346.6828	0.2662
346.6687	0.2549
346.6547	0.2443
346.6406	0.2336
346.6266	0.2235
346.6125	0.2125
346.5984	0.2024
346.5844	0.1922
346.5703	0.1828
346.5562	0.1712
346.5422	0.1629
346.5281	0.1513
346.5141	0.1426
346.5000	0.1321
346.4859	0.1218
346.4719	0.1116
346.4578	0.1030
346.4438	0.0915
346.4297	0.0816
346.4156	0.0723
346.4016	0.0624
346.3875	0.0518
346.3734	0.0416
346.3594	0.0313
346.3453	0.0212
346.3313	0.0102
346.3172	-0.0010
346.3031	-0.0112
346.2891	-0.0224
346.2750	-0.0328
346.2609	-0.0433
346.2469	-0.0537
346.2328	-0.0644
346.2187	-0.0746
346.2047	-0.0852
346.1906	-0.0960
346.1766	-0.1048
346.1625	-0.1159
346.1484	-0.1253
346.1344	-0.1349
346.1203	-0.1455
346.1062	-0.1550
346.0922	-0.1648
346.0781	-0.1745
346.0641	-0.1840
346.0500	-0.1948
346.0359	-0.2045
346.0219	-0.2149
346.0078	-0.2240
345.9937	-0.2349
345.9797	-0.2461
345.9656	-0.2568
345.9516	-0.2667
345.9375	-0.2781
345.9234	-0.2884
345.9094	-0.2988
345.8953	-0.3091
345.8813	-0.3194
345.8672	-0.3285
345.8531	-0.3388
345.8391	-0.3475
345.8250	-0.3571
345.8109	-0.3659
345.7969	-0.3746
345.7828	-0.3821
345.7688	-0.3909
345.7547	-0.3984
345.7406	-0.4063
345.7266	-0.4137
345.7125	-0.4209
345.6984	-0.4269
345.6844	-0.4339
345.6703	-0.4409
345.6562	-0.4479
345.6422	-0.4532
345.6281	-0.4598
345.6141	-0.4659
345.6000	-0.4712
345.5859	-0.4763
345.5719	-0.4818
345.5578	-0.4854
345.5437	-0.4911
345.5297	-0.4953
345.5156	-0.4992
345.5016	-0.5024
345.4875	-0.5061
345.4734	-0.5087
345.4594	-0.5113
345.4453	-0.5149
345.4312	-0.5152
345.4172	-0.5172
345.4031	-0.5175
345.3891	-0.5179
345.3750	-0.5179
345.3609	-0.5179
345.3469	-0.5179
345.3328	-0.5179
345.3188	-0.5179
345.3047	-0.5179
345.2906	-0.5179
345.2766	-0.5179
345.2625	-0.5179
345.2484	-0.5179
345.2344	-0.5173
345.2203	-0.5168
345.2063	-0.5157
345.1922	-0.5143
345.1781	-0.5138
345.1641	-0.5118
345.1500	-0.5100
345.1359	-0.5080
345.1219	-0.5061
345.1078	-0.5033
345.0937	-0.5010
345.0797	-0.4972
345.0656	-0.4938
345.0516	-0.4907
345.0375	-0.4879
345.0234	-0.4826
345.0094	-0.4784
344.9953	-0.4742
344.9812	-0.4691
344.9672	-0.4642
344.9531	-0.4586
344.9391	-0.4538
344.9250	-0.4475
344.9109	-0.4412
344.8969	-0.4357
344.8828	-0.4295
344.8687	-0.4231
344.8547	-0.4165
344.8406	-0.4093
344.8266	-0.4025
344.8125	-0.3941
344.7984	-0.3867
344.7844	-0.3793
344.7703	-0.3709
344.7563	-0.3622
344.7422	-0.3534
344.7281	-0.3440
344.7141	-0.3359
344.7000	-0.3258
344.6859	-0.3158
344.6719	-0.3054
344.6578	-0.2964
344.6438	-0.2853
344.6297	-0.2751
344.6156	-0.2651
344.6016	-0.2546
344.5875	-0.2433
344.5734	-0.2329
344.5594	-0.2223
344.5453	-0.2114
344.5312	-0.1998
344.5172	-0.1897
344.5031	-0.1791
344.4891	-0.1685
344.4750	-0.1566
344.4609	-0.1449
344.4469	-0.1359
344.4328	-0.1244
344.4187	-0.1131
344.4047	-0.1024
344.3906	-0.0912
344.3766	-0.0805
344.3625	-0.0681
344.3484	-0.0573
344.3344	-0.0455
344.3203	-0.0343
344.3062	-0.0216
344.2922	-0.0109
344.2781	-0.0002
344.2641	0.0114
344.2500	0.0239
344.2359	0.0356
344.2219	0.0461
344.2078	0.0575
344.1938	0.0694
344.1797	0.0803
344.1656	0.0919
344.1516	0.1023
344.1375	0.1132
344.1234	0.1243
344.1094	0.1350
344.0953	0.1448
344.0813	0.1569
344.0672	0.1673
344.0531	0.1775
344.0391	0.1877
344.0250	0.1982
344.0109	0.2087
343.9969	0.2195
343.9828	0.2295
343.9687	0.2404
343.9547	0.2509
343.9406	0.2602
343.9266	0.2697
343.9125	0.2807
343.8984	0.2899
343.8844	0.3007
343.8703	0.3101
343.8562	0.3183
343.8422	0.3281
343.8281	0.3369
343.8141	0.3452
343.8000	0.3535
343.7859	0.3619
343.7719	0.3697
343.7578	0.3774
343.7437	0.3859
343.7297	0.3925
343.7156	0.3996
343.7016	0.4057
343.6875	0.4124
343.6734	0.4191
343.6594	0.4248
343.6453	0.4297
343.6313	0.4360
343.6172	0.4417
343.6031	0.4466
343.5891	0.4522
343.5750	0.4576
343.5609	0.4616
343.5469	0.4658
343.5328	0.4702
343.5188	0.4747
343.5047	0.4783
343.4906	0.4818
343.4766	0.4851
343.4625	0.4881
343.4484	0.4917
343.4344	0.4941
343.4203	0.4965
343.4062	0.4987
343.3922	0.5010
343.3781	0.5029
343.3641	0.5050
343.3500	0.5062
343.3359	0.5076
343.3219	0.5086
343.3078	0.5101
343.2937	0.5107
343.2797	0.5116
343.2656	0.5116
343.2516	0.5116
343.2375	0.5116
343.2234	0.5116
343.2094	0.5116
343.1953	0.5116
343.1812	0.5116
343.1672	0.5116
343.1531	0.5116
343.1391	0.5116
343.1250	0.5094
343.1109	0.5086
343.0969	0.5054
343.0828	0.5027
343.0688	0.4999
343.0547	0.4975
343.0406	0.4934
343.0266	0.4897
343.0125	0.4848
342.9984	0.4801
342.9844	0.4747
342.9703	0.4690
342.9563	0.4633
342.9422	0.4581
342.9281	0.4519
342.9141	0.4458
342.9000	0.4391
342.8859	0.4323
342.8719	0.4250
342.8578	0.4187
342.8437	0.4100
342.8297	0.4029
342.8156	0.3949
342.8016	0.3871
342.7875	0.3780
342.7734	0.3696
342.7594	0.3607
342.7453	0.3515
342.7312	0.3418
342.7172	0.3326
342.7031	0.3230
342.6891	0.3128
342.6750	0.3028
342.6609	0.2924
342.6469	0.2813
342.6328	0.2712
342.6187	0.2599
342.6047	0.2486
342.5906	0.2387
342.5766	0.2275
342.5625	0.2165
342.5484	0.2058
342.5344	0.1951
342.5203	0.1847
342.5063	0.1741
342.4922	0.1637
342.4781	0.1534
342.4641	0.1431
342.4500	0.1317
342.4359	0.1226
342.4219	0.1120
342.4078	0.1022
342.3938	0.0915
342.3797	0.0812
342.3656	0.0703
342.3516	0.0599
342.3375	0.0484
342.3234	0.0380
342.3094	0.0273
342.2953	0.0174
342.2812	0.0054
342.2672	-0.0053
342.2531	-0.0158
342.2391	-0.0263
342.2250	-0.0376
342.2109	-0.0477
342.1969	-0.0594
342.1828	-0.0697
342.1687	-0.0807
342.1547	-0.0911
342.1406	-0.1010
342.1266	-0.1108
342.1125	-0.1224
342.0984	-0.1318
342.0844	-0.1425
342.0703	-0.1520
342.0562	-0.1630
342.0422	-0.1731
342.0281	-0.1831
342.0141	-0.1929
342.0000	-0.2045
341.9859	-0.2149
341.9719	-0.2249
341.9578	-0.2356
341.9438	-0.2474
341.9297	-0.2578
341.9156	-0.2683
341.9016	-0.2792
341.8875	-0.2906
341.8734	-0.3004
341.8594	-0.3110
341.8453	-0.3211
341.8313	-0.3319
341.8172	-0.3416
341.8031	-0.3509
341.7891	-0.3610
341.7750	-0.3702
341.7609	-0.3795
341.7469	-0.3871
341.7328	-0.3955
341.7187	-0.4036
341.7047	-0.4116
341.6906	-0.4188
341.6766	-0.4253
341.6625	-0.4337
341.6484	-0.4399
341.6344	-0.4466
341.6203	-0.4532
341.6062	-0.4590
341.5922	-0.4657
341.5781	-0.4710
341.5641	-0.4766
341.5500	-0.4817
341.5359	-0.4877
341.5219	-0.4922
341.5078	-0.4962
341.4937	-0.5002
341.4797	-0.5038
341.4656	-0.5071
341.4516	-0.5101
341.4375	-0.5131
341.4234	-0.5149
341.4094	-0.5170
341.3953	-0.5187
341.3813	-0.5198
341.3672	-0.5198
341.3531	-0.5198
341.3391	-0.5198
341.3250	-0.5198
341.3109	-0.5198
341.2969	-0.5198
341.2828	-0.5198
341.2688	-0.5198
341.2547	-0.5198
341.2406	-0.5198
341.2266	-0.5187
341.2125	-0.5178
341.1984	-0.5169
341.1844	-0.5151
341.1703	-0.5141
341.1562	-0.5126
341.1422	-0.5102
341.1281	-0.5083
341.1141	-0.5068
341.1000	-0.5043
341.0859	-0.5017
341.0719	-0.4998
341.0578	-0.4976
341.0437	-0.4930
341.0297	-0.4909
341.0156	-0.4873
341.0016	-0.4827
340.9875	-0.4784
340.9734	-0.4744
340.9594	-0.4706
340.9453	-0.4659
340.9312	-0.4607
340.9172	-0.4556
340.9031	-0.4505
340.8891	-0.4454
340.8750	-0.4399
340.8609	-0.4332
340.8469	-0.4273
340.8328	-0.4219
340.8188	-0.4148
340.8047	-0.4077
340.7906	-0.4017
340.7766	-0.3942
340.7625	-0.3861
340.7484	-0.3791
340.7344	-0.3710
340.7203	-0.3642
340.7063	-0.3544
340.6922	-0.3454
340.6781	-0.3369
340.6641	-0.3278
340.6500	-0.3175
340.6359	-0.3082
340.6219	-0.2983
340.6078	-0.2881
340.5937	-0.2779
340.5797	-0.2669
340.5656	-0.2578
340.5516	-0.2463
340.5375	-0.2351
340.5234	-0.2252
340.5094	-0.2143
340.4953	-0.2037
340.4812	-0.1936
340.4672	-0.1831
340.4531	-0.1728
340.4391	-0.1619
340.4250	-0.1494
340.4109	-0.1387
340.3969	-0.1288
340.3828	-0.1180
340.3687	-0.1077
340.3547	-0.0970
340.3406	-0.0853
340.3266	-0.0755
340.3125	-0.0628
340.2984	-0.0522
340.2844	-0.0405
340.2703	-0.0292
340.2563	-0.0175
340.2422	-0.0055
340.2281	0.0069
340.2141	0.0185
340.2000	0.0305
340.1859	0.0414
340.1719	0.0532
340.1578	0.0634
340.1438	0.0760
340.1297	0.0876
340.1156	0.0985
340.1016	0.1088
340.0875	0.1215
340.0734	0.1317
340.0594	0.1433
340.0453	0.1544
340.0312	0.1652
340.0172	0.1765
340.0031	0.1868
339.9891	0.1962
339.9750	0.2074
339.9609	0.2176
339.9469	0.2282
339.9328	0.2376
339.9187	0.2494
339.9047	0.2595
339.8906	0.2697
339.8766	0.2697
339.8625	0.2697
339.8484	0.2697
339.8344	0.2697
339.8203	0.2697
339.8062	0.2697
339.7922	0.2697
339.7781	0.2697
339.7641	0.2697
339.7500	0.2697
