359.9859	0.0412
359.9719	0.0412
359.9578	0.0412
359.9438	0.0412
359.9297	0.0412
359.9156	0.0412
359.9016	0.0412
359.8875	0.0412
359.8734	0.0412
359.8594	0.0412
359.8453	0.0412
359.8313	0.0290
359.8172	0.0188
359.8031	0.0073
359.7891	-0.0033
359.7750	-0.0142
359.7609	-0.0242
359.7469	-0.0347
359.7328	-0.0454
359.7187	-0.0553
359.7047	-0.0657
359.6906	-0.0771
359.6766	-0.0872
359.6625	-0.0977
359.6484	-0.1070
359.6344	-0.1172
359.6203	-0.1265
359.6062	-0.1374
359.5922	-0.1469
359.5781	-0.1573
359.5641	-0.1674
359.5500	-0.1779
359.5359	-0.1887
359.5219	-0.1981
359.5078	-0.2093
359.4937	-0.2198
359.4797	-0.2300
359.4656	-0.2416
359.4516	-0.2521
359.4375	-0.2633
359.4234	-0.2735
359.4094	-0.2838
359.3953	-0.2943
359.3813	-0.3051
359.3672	-0.3154
359.3531	-0.3249
359.3391	-0.3337
359.3250	-0.3439
359.3109	-0.3521
359.2969	-0.3612
359.2828	-0.3686
359.2688	-0.3784
359.2547	-0.3857
359.2406	-0.3933
359.2266	-0.4004
359.2125	-0.4085
359.1984	-0.4158
359.1844	-0.4220
359.1703	-0.4293
359.1562	-0.4363
359.1422	-0.4421
359.1281	-0.4485
359.1141	-0.4548
359.1000	-0.4613
359.0859	-0.4662
359.0719	-0.4723
359.0578	-0.4770
359.0437	-0.4820
359.0297	-0.4865
359.0156	-0.4904
359.0016	-0.4945
358.9875	-0.4982
358.9734	-0.5006
358.9594	-0.5038
358.9453	-0.5061
358.9312	-0.5088
358.9172	-0.5101
358.9031	-0.5110
358.8891	-0.5124
358.8750	-0.5138
358.8609	-0.5140
358.8469	-0.5150
358.8328	-0.5150
358.8188	-0.5150
358.8047	-0.5150
358.7906	-0.5150
358.7766	-0.5150
358.7625	-0.5150
358.7484	-0.5150
358.7344	-0.5150
358.7203	-0.5150
358.7063	-0.5150
358.6922	-0.5140
358.6781	-0.5131
358.6641	-0.5118
358.6500	-0.5106
358.6359	-0.5088
358.6219	-0.5073
358.6078	-0.5052
358.5937	-0.5022
358.5797	-0.5002
358.5656	-0.4969
358.5516	-0.4939
358.5375	-0.4897
358.5234	-0.4865
358.5094	-0.4831
358.4953	-0.4784
358.4812	-0.4730
358.4672	-0.4692
358.4531	-0.4640
358.4391	-0.4580
358.4250	-0.4531
358.4109	-0.4470
358.3969	-0.4403
358.3828	-0.4355
358.3687	-0.4289
358.3547	-0.4226
358.3406	-0.4154
358.3266	-0.4086
358.3125	-0.4011
358.2984	-0.3929
358.2844	-0.3850
358.2703	-0.3779
358.2563	-0.3680
358.2422	-0.3603
358.2281	-0.3513
358.2141	-0.3414
358.2000	-0.3323
358.1859	-0.3224
358.1719	-0.3125
358.1578	-0.3032
358.1438	-0.2926
358.1297	-0.2818
358.1156	-0.2713
358.1016	-0.2613
358.0875	-0.2504
358.0734	-0.2401
358.0594	-0.2291
358.0453	-0.2182
358.0312	-0.2075
358.0172	-0.1964
358.0031	-0.1859
357.9891	-0.1759
357.9750	-0.1641
357.9609	-0.1534
357.9469	-0.1429
357.9328	-0.1319
357.9187	-0.1203
357.9047	-0.1093
357.8906	-0.0979
357.8766	-0.0872
357.8625	-0.0756
357.8484	-0.0649
357.8344	-0.0530
357.8203	-0.0415
357.8062	-0.0296
357.7922	-0.0194
357.7781	-0.0068
357.7641	0.0041
357.7500	0.0166
357.7359	0.0282
357.7219	0.0391
357.7078	0.0497
357.6938	0.0623
357.6797	0.0730
357.6656	0.0838
357.6516	0.0945
357.6375	0.1059
357.6234	0.1164
357.6094	0.1277
357.5953	0.1395
357.5813	0.1486
357.5672	0.1597
357.5531	0.1699
357.5391	0.1804
357.5250	0.1915
357.5109	0.2020
357.4969	0.2127
357.4828	0.2230
357.4687	0.2332
357.4547	0.2434
357.4406	0.2540
357.4266	0.2637
357.4125	0.2751
357.3984	0.2837
357.3844	0.2939
357.3703	0.3029
357.3562	0.3129
357.3422	0.3222
357.3281	0.3314
357.3141	0.3395
357.3000	0.3485
357.2859	0.3562
357.2719	0.3644
357.2578	0.3719
357.2437	0.3802
357.2297	0.3863
357.2156	0.3932
357.2016	0.3997
357.1875	0.4065
357.1734	0.4130
357.1594	0.4183
357.1453	0.4240
357.1313	0.4308
357.1172	0.4361
357.1031	0.4411
357.0891	0.4462
357.0750	0.4514
357.0609	0.4565
357.0469	0.4612
357.0328	0.4650
357.0188	0.4700
357.0047	0.4740
356.9906	0.4773
356.9766	0.4812
356.9625	0.4852
356.9484	0.4881
356.9344	0.4906
356.9203	0.4938
356.9062	0.4966
356.8922	0.4998
356.8781	0.5011
356.8641	0.5035
356.8500	0.5056
356.8359	0.5071
356.8219	0.5093
356.8078	0.5116
356.7937	0.5130
356.7797	0.5139
356.7656	0.5155
356.7516	0.5155
356.7375	0.5155
356.7234	0.5155
356.7094	0.5155
356.6953	0.5155
356.6812	0.5155
356.6672	0.5155
356.6531	0.5155
356.6391	0.5155
356.6250	0.5155
356.6109	0.5132
356.5969	0.5120
356.5828	0.5089
356.5688	0.5070
356.5547	0.5032
356.5406	0.5002
356.5266	0.4954
356.5125	0.4913
356.4984	0.4873
356.4844	0.4820
356.4703	0.4771
356.4563	0.4707
356.4422	0.4659
356.4281	0.4600
356.4141	0.4531
356.4000	0.4464
356.3859	0.4407
356.3719	0.4339
356.3578	0.4263
356.3437	0.4196
356.3297	0.4123
356.3156	0.4051
356.3016	0.3972
356.2875	0.3879
356.2734	0.3799
356.2594	0.3717
356.2453	0.3628
356.2312	0.3535
356.2172	0.3443
356.2031	0.3350
356.1891	0.3258
356.1750	0.3150
356.1609	0.3058
356.1469	0.2954
356.1328	0.2854
356.1187	0.2744
356.1047	0.2642
356.0906	0.2540
356.0766	0.2431
356.0625	0.2329
356.0484	0.2220
356.0344	0.2113
356.0203	0.2021
356.0063	0.1914
355.9922	0.1813
355.9781	0.1716
355.9641	0.1611
355.9500	0.1508
355.9359	0.1407
355.9219	0.1319
355.9078	0.1214
355.8938	0.1106
355.8797	0.1015
355.8656	0.0906
355.8516	0.0806
355.8375	0.0701
355.8234	0.0584
355.8094	0.0479
355.7953	0.0390
355.7812	0.0273
355.7672	0.0160
355.7531	0.0050
355.7391	-0.0048
355.7250	-0.0157
355.7109	-0.0271
355.6969	-0.0377
355.6828	-0.0486
355.6687	-0.0590
355.6547	-0.0694
355.6406	-0.0796
355.6266	-0.0897
355.6125	-0.1008
355.5984	-0.1106
355.5844	-0.1209
355.5703	-0.1305
355.5562	-0.1418
355.5422	-0.1516
355.5281	-0.1617
355.5141	-0.1731
355.5000	-0.1834
355.4859	-0.1948
355.4719	-0.2053
355.4578	-0.2153
355.4438	-0.2267
355.4297	-0.2381
355.4156	-0.2494
355.4016	-0.2595
355.3875	-0.2710
355.3734	-0.2815
355.3594	-0.2918
355.3453	-0.3018
355.3313	-0.3133
355.3172	-0.3229
355.3031	-0.3325
355.2891	-0.3420
355.2750	-0.3519
355.2609	-0.3603
355.2469	-0.3692
355.2328	-0.3768
355.2187	-0.3860
355.2047	-0.3923
355.1906	-0.4006
355.1766	-0.4078
355.1625	-0.4157
355.1484	-0.4219
355.1344	-0.4290
355.1203	-0.4356
355.1062	-0.4419
355.0922	-0.4482
355.0781	-0.4542
355.0641	-0.4599
355.0500	-0.4661
355.0359	-0.4704
355.0219	-0.4749
355.0078	-0.4803
354.9937	-0.4841
354.9797	-0.4887
354.9656	-0.4924
354.9516	-0.4953
354.9375	-0.4978
354.9234	-0.5005
354.9094	-0.5029
354.8953	-0.5050
354.8813	-0.5065
354.8672	-0.5072
354.8531	-0.5084
354.8391	-0.5084
354.8250	-0.5084
354.8109	-0.5084
354.7969	-0.5084
354.7828	-0.5084
354.7688	-0.5084
354.7547	-0.5084
354.7406	-0.5084
354.7266	-0.5084
354.7125	-0.5084
354.6984	-0.5073
354.6844	-0.5067
354.6703	-0.5061
354.6562	-0.5054
354.6422	-0.5033
354.6281	-0.5024
354.6141	-0.5009
354.6000	-0.4997
354.5859	-0.4974
354.5719	-0.4953
354.5578	-0.4931
354.5437	-0.4903
354.5297	-0.4877
354.5156	-0.4843
354.5016	-0.4812
354.4875	-0.4771
354.4734	-0.4743
354.4594	-0.4694
354.4453	-0.4648
354.4312	-0.4603
354.4172	-0.4557
354.4031	-0.4495
354.3891	-0.4452
354.3750	-0.4396
354.3609	-0.4333
354.3469	-0.4277
354.3328	-0.4215
354.3188	-0.4152
354.3047	-0.4087
354.2906	-0.4017
354.2766	-0.3953
354.2625	-0.3875
354.2484	-0.3787
354.2344	-0.3711
354.2203	-0.3640
354.2063	-0.3543
354.1922	-0.3462
354.1781	-0.3372
354.1641	-0.3287
354.1500	-0.3175
354.1359	-0.3079
354.1219	-0.2979
354.1078	-0.2877
354.0937	-0.2775
354.0797	-0.2677
354.0656	-0.2568
354.0516	-0.2469
354.0375	-0.2357
354.0234	-0.2258
354.0094	-0.2154
353.9953	-0.2058
353.9812	-0.1945
353.9672	-0.1833
353.9531	-0.1729
353.9391	-0.1636
353.9250	-0.1525
353.9109	-0.1415
353.8969	-0.1306
353.8828	-0.1202
353.8687	-0.1077
353.8547	-0.0971
353.8406	-0.0873
353.8266	-0.0772
353.8125	-0.0660
353.7984	-0.0543
353.7844	-0.0423
353.7703	-0.0322
353.7563	-0.0189
353.7422	-0.0088
353.7281	0.0018
353.7141	0.0123
353.7000	0.0233
353.6859	0.0353
353.6719	0.0459
353.6578	0.0577
353.6438	0.0700
353.6297	0.0805
353.6156	0.0914
353.6016	0.1034
353.5875	0.1139
353.5734	0.1247
353.5594	0.1357
353.5453	0.1458
353.5312	0.1570
353.5172	0.1662
353.5031	0.1784
353.4891	0.1886
353.4750	0.2007
353.4609	0.2102
353.4469	0.2197
353.4328	0.2301
353.4187	0.2420
353.4047	0.2524
353.3906	0.2633
353.3766	0.2734
353.3625	0.2836
353.3484	0.2924
353.3344	0.3009
353.3203	0.3108
353.3062	0.3198
353.2922	0.3289
353.2781	0.3374
353.2641	0.3462
353.2500	0.3546
353.2359	0.3625
353.2219	0.3706
353.2078	0.3774
353.1938	0.3859
353.1797	0.3928
353.1656	0.3991
353.1516	0.4061
353.1375	0.4120
353.1234	0.4186
353.1094	0.4244
353.0953	0.4303
353.0813	0.4361
353.0672	0.4412
353.0531	0.4464
353.0391	0.4521
353.0250	0.4571
353.0109	0.4616
352.9969	0.4650
352.9828	0.4707
352.9687	0.4739
352.9547	0.4775
352.9406	0.4816
352.9266	0.4849
352.9125	0.4873
352.8984	0.4896
352.8844	0.4931
352.8703	0.4953
352.8562	0.4978
352.8422	0.5003
352.8281	0.5024
352.8141	0.5045
352.8000	0.5050
352.7859	0.5050
352.7719	0.5057
352.7578	0.5078
352.7437	0.5082
352.7297	0.5082
352.7156	0.5082
352.7016	0.5082
352.6875	0.5082
352.6734	0.5082
352.6594	0.5082
352.6453	0.5082
352.6313	0.5082
352.6172	0.5082
352.6031	0.5082
352.5891	0.5082
352.5750	0.5056
352.5609	0.5046
352.5469	0.5043
352.5328	0.5001
352.5188	0.4997
352.5047	0.4934
352.4906	0.4926
352.4766	0.4867
352.4625	0.4839
352.4484	0.4765
352.4344	0.4728
352.4203	0.4687
352.4062	0.4626
352.3922	0.4554
352.3781	0.4487
352.3641	0.4439
352.3500	0.4375
352.3359	0.4314
352.3219	0.4248
352.3078	0.4169
352.2937	0.4091
352.2797	0.4031
352.2656	0.3944
352.2516	0.3875
352.2375	0.3794
352.2234	0.3713
352.2094	0.3626
352.1953	0.3547
352.1812	0.3444
352.1672	0.3357
352.1531	0.3270
352.1391	0.3170
352.1250	0.3073
352.1109	0.2972
352.0969	0.2865
352.0828	0.2774
352.0688	0.2660
352.0547	0.2564
352.0406	0.2459
352.0266	0.2361
352.0125	0.2257
351.9984	0.2166
351.9844	0.2058
351.9703	0.1962
351.9563	0.1858
351.9422	0.1769
351.9281	0.1670
351.9141	0.1576
351.9000	0.1465
351.8859	0.1376
351.8719	0.1273
351.8578	0.1179
351.8437	0.1071
351.8297	0.0976
351.8156	0.0879
351.8016	0.0784
351.7875	0.0669
351.7734	0.0572
351.7594	0.0473
351.7453	0.0370
351.7312	0.0266
351.7172	0.0159
351.7031	0.0045
351.6891	-0.0054
351.6750	-0.0160
351.6609	-0.0267
351.6469	-0.0374
351.6328	-0.0465
351.6187	-0.0581
351.6047	-0.0683
351.5906	-0.0784
351.5766	-0.0879
351.5625	-0.0984
351.5484	-0.1085
351.5344	-0.1178
351.5203	-0.1286
351.5063	-0.1387
351.4922	-0.1482
351.4781	-0.1589
351.4641	-0.1684
351.4500	-0.1792
351.4359	-0.1886
351.4219	-0.1999
351.4078	-0.2096
351.3938	-0.2211
351.3797	-0.2316
351.3656	-0.2428
351.3516	-0.2526
351.3375	-0.2637
351.3234	-0.2750
351.3094	-0.2854
351.2953	-0.2952
351.2812	-0.3057
351.2672	-0.3157
351.2531	-0.3251
351.2391	-0.3345
351.2250	-0.3439
351.2109	-0.3525
351.1969	-0.3615
351.1828	-0.3683
351.1687	-0.3780
351.1547	-0.3854
351.1406	-0.3921
351.1266	-0.4000
351.1125	-0.4070
351.0984	-0.4149
351.0844	-0.4209
351.0703	-0.4272
351.0562	-0.4349
351.0422	-0.4407
351.0281	-0.4460
351.0141	-0.4519
351.0000	-0.4573
350.9859	-0.4626
350.9719	-0.4687
350.9578	-0.4725
350.9438	-0.4781
350.9297	-0.4816
350.9156	-0.4850
350.9016	-0.4890
350.8875	-0.4923
350.8734	-0.4953
350.8594	-0.4975
350.8453	-0.4997
350.8313	-0.5020
350.8172	-0.5034
350.8031	-0.5051
350.7891	-0.5052
350.7750	-0.5057
350.7609	-0.5057
350.7469	-0.5057
350.7328	-0.5057
350.7187	-0.5057
350.7047	-0.5057
350.6906	-0.5057
350.6766	-0.5057
350.6625	-0.5057
350.6484	-0.5057
350.6344	-0.5057
350.6203	-0.5051
350.6062	-0.5046
350.5922	-0.5040
350.5781	-0.5022
350.5641	-0.5021
350.5500	-0.5002
350.5359	-0.4989
350.5219	-0.4963
350.5078	-0.4953
350.4937	-0.4932
350.4797	-0.4909
350.4656	-0.4871
350.4516	-0.4850
350.4375	-0.4808
350.4234	-0.4776
350.4094	-0.4733
350.3953	-0.4708
350.3813	-0.4660
350.3672	-0.4611
350.3531	-0.4557
350.3391	-0.4512
350.3250	-0.4457
350.3109	-0.4400
350.2969	-0.4350
350.2828	-0.4293
350.2688	-0.4224
350.2547	-0.4162
350.2406	-0.4097
350.2266	-0.4027
350.2125	-0.3954
350.1984	-0.3878
350.1844	-0.3810
350.1703	-0.3734
350.1562	-0.3642
350.1422	-0.3558
350.1281	-0.3470
350.1141	-0.3382
350.1000	-0.3285
350.0859	-0.3197
350.0719	-0.3091
350.0578	-0.2998
350.0437	-0.2891
350.0297	-0.2792
350.0156	-0.2684
350.0016	-0.2588
349.9875	-0.2479
349.9734	-0.2375
349.9594	-0.2259
349.9453	-0.2167
349.9312	-0.2057
349.9172	-0.1952
349.9031	-0.1847
349.8891	-0.1743
349.8750	-0.1628
349.8609	-0.1525
349.8469	-0.1411
349.8328	-0.1311
349.8188	-0.1191
349.8047	-0.1082
349.7906	-0.0973
349.7766	-0.0869
349.7625	-0.0748
349.7484	-0.0635
349.7344	-0.0524
349.7203	-0.0416
349.7063	-0.0294
349.6922	-0.0174
349.6781	-0.0064
349.6641	0.0048
349.6500	0.0153
349.6359	0.0273
349.6219	0.0389
349.6078	0.0494
349.5937	0.0619
349.5797	0.0731
349.5656	0.0836
349.5516	0.0945
349.5375	0.1059
349.5234	0.1160
349.5094	0.1271
349.4953	0.1378
349.4812	0.1494
349.4672	0.1597
349.4531	0.1706
349.4391	0.1808
349.4250	0.1906
349.4109	0.2005
349.3969	0.2112
349.3828	0.2224
349.3687	0.2325
349.3547	0.2431
349.3406	0.2529
349.3266	0.2620
349.3125	0.2718
349.2984	0.2820
349.2844	0.2913
349.2703	0.2996
349.2563	0.3100
349.2422	0.3183
349.2281	0.3279
349.2141	0.3357
349.2000	0.3432
349.1859	0.3506
349.1719	0.3571
349.1578	0.3648
349.1438	0.3728
349.1297	0.3800
349.1156	0.3873
349.1016	0.3939
349.0875	0.4004
349.0734	0.4063
349.0594	0.4117
349.0453	0.4183
349.0312	0.4244
349.0172	0.4298
349.0031	0.4354
348.9891	0.4401
348.9750	0.4455
348.9609	0.4504
348.9469	0.4541
348.9328	0.4587
348.9187	0.4633
348.9047	0.4672
348.8906	0.4713
348.8766	0.4745
348.8625	0.4780
348.8484	0.4810
348.8344	0.4843
348.8203	0.4863
348.8062	0.4889
348.7922	0.4906
348.7781	0.4938
348.7641	0.4959
348.7500	0.4982
348.7359	0.5000
348.7219	0.5008
348.7078	0.5035
348.6938	0.5042
348.6797	0.5050
348.6656	0.5073
348.6516	0.5075
348.6375	0.5075
348.6234	0.5075
348.6094	0.5075
348.5953	0.5075
348.5813	0.5075
348.5672	0.5075
348.5531	0.5075
348.5391	0.5075
348.5250	0.5075
348.5109	0.5073
348.4969	0.5048
348.4828	0.5037
348.4687	0.4999
348.4547	0.4974
348.4406	0.4933
348.4266	0.4892
348.4125	0.4855
348.3984	0.4812
348.3844	0.4763
348.3703	0.4708
348.3562	0.4660
348.3422	0.4605
348.3281	0.4540
348.3141	0.4485
348.3000	0.4416
348.2859	0.4356
348.2719	0.4286
348.2578	0.4217
348.2437	0.4147
348.2297	0.4071
348.2156	0.3982
348.2016	0.3920
348.1875	0.3833
348.1734	0.3757
348.1594	0.3667
348.1453	0.3579
348.1313	0.3488
348.1172	0.3391
348.1031	0.3297
348.0891	0.3203
348.0750	0.3108
348.0609	0.3024
348.0469	0.2920
348.0328	0.2822
348.0188	0.2722
348.0047	0.2608
347.9906	0.2504
347.9766	0.2397
347.9625	0.2294
347.9484	0.2204
347.9344	0.2106
347.9203	0.1992
347.9062	0.1896
347.8922	0.1789
347.8781	0.1687
347.8641	0.1587
347.8500	0.1490
347.8359	0.1392
347.8219	0.1289
347.8078	0.1188
347.7937	0.1089
347.7797	0.0986
347.7656	0.0878
347.7516	0.0779
347.7375	0.0669
347.7234	0.0566
347.7094	0.0458
347.6953	0.0362
347.6812	0.0246
347.6672	0.0142
347.6531	0.0031
347.6391	-0.0055
347.6250	-0.0178
347.6109	-0.0284
347.5969	-0.0386
347.5828	-0.0492
347.5688	-0.0606
347.5547	-0.0704
347.5406	-0.0813
347.5266	-0.0914
347.5125	-0.1015
347.4984	-0.1115
347.4844	-0.1218
347.4703	-0.1313
347.4563	-0.1432
347.4422	-0.1520
347.4281	-0.1625
347.4141	-0.1718
347.4000	-0.1827
347.3859	-0.1933
347.3719	-0.2045
347.3578	-0.2147
347.3437	-0.2260
347.3297	-0.2366
347.3156	-0.2467
347.3016	-0.2578
347.2875	-0.2692
347.2734	-0.2789
347.2594	-0.2890
347.2453	-0.2997
347.2312	-0.3101
347.2172	-0.3203
347.2031	-0.3300
347.1891	-0.3389
347.1750	-0.3485
347.1609	-0.3577
347.1469	-0.3669
347.1328	-0.3743
347.1187	-0.3833
347.1047	-0.3916
347.0906	-0.3993
347.0766	-0.4062
347.0625	-0.4135
347.0484	-0.4208
347.0344	-0.4288
347.0203	-0.4348
347.0063	-0.4426
346.9922	-0.4488
346.9781	-0.4552
346.9641	-0.4607
346.9500	-0.4663
346.9359	-0.4722
346.9219	-0.4782
346.9078	-0.4828
346.8938	-0.4876
346.8797	-0.4921
346.8656	-0.4960
346.8516	-0.4997
346.8375	-0.5037
346.8234	-0.5063
346.8094	-0.5084
346.7953	-0.5113
346.7812	-0.5130
346.7672	-0.5145
346.7531	-0.5161
346.7391	-0.5170
346.7250	-0.5170
346.7109	-0.5170
346.6969	-0.5170
346.6828	-0.5170
346.6687	-0.5170
346.6547	-0.5170
346.6406	-0.5170
346.6266	-0.5170
346.6125	-0.5170
346.5984	-0.5170
346.5844	-0.5164
346.5703	-0.5164
346.5562	-0.5150
346.5422	-0.5134
346.5281	-0.5129
346.5141	-0.5112
346.5000	-0.5094
346.4859	-0.5077
346.4719	-0.5061
346.4578	-0.5038
346.4438	-0.5017
346.4297	-0.4982
346.4156	-0.4955
346.4016	-0.4924
346.3875	-0.4893
346.3734	-0.4846
346.3594	-0.4802
346.3453	-0.4767
346.3313	-0.4714
346.3172	-0.4666
346.3031	-0.4619
346.2891	-0.4563
346.2750	-0.4520
346.2609	-0.4459
346.2469	-0.4405
346.2328	-0.4354
346.2187	-0.4283
346.2047	-0.4219
346.1906	-0.4145
346.1766	-0.4076
346.1625	-0.4001
346.1484	-0.3934
346.1344	-0.3852
346.1203	-0.3774
346.1062	-0.3691
346.0922	-0.3606
346.0781	-0.3514
346.0641	-0.3428
346.0500	-0.3333
346.0359	-0.3239
346.0219	-0.3145
346.0078	-0.3043
345.9937	-0.2930
345.9797	-0.2840
345.9656	-0.2736
345.9516	-0.2633
345.9375	-0.2530
345.9234	-0.2427
345.9094	-0.2321
345.8953	-0.2223
345.8813	-0.2104
345.8672	-0.2001
345.8531	-0.1903
345.8391	-0.1791
345.8250	-0.1674
345.8109	-0.1572
345.7969	-0.1470
345.7828	-0.1362
345.7688	-0.1252
345.7547	-0.1138
345.7406	-0.1028
345.7266	-0.0916
345.7125	-0.0802
345.6984	-0.0691
345.6844	-0.0577
345.6703	-0.0471
345.6562	-0.0351
345.6422	-0.0233
345.6281	-0.0125
345.6141	-0.0012
345.6000	0.0109
345.5859	0.0220
345.5719	0.0332
345.5578	0.0442
345.5437	0.0570
345.5297	0.0668
345.5156	0.0783
345.5016	0.0891
345.4875	0.1007
345.4734	0.1110
345.4594	0.1222
345.4453	0.1324
345.4312	0.1441
345.4172	0.1537
345.4031	0.1640
345.3891	0.1754
345.3750	0.1863
345.3609	0.1967
345.3469	0.2068
345.3328	0.2168
345.3188	0.2273
345.3047	0.2378
345.2906	0.2485
345.2766	0.2585
345.2625	0.2692
345.2484	0.2785
345.2344	0.2889
345.2203	0.2969
345.2063	0.3080
345.1922	0.3171
345.1781	0.3255
345.1641	0.3348
345.1500	0.3431
345.1359	0.3511
345.1219	0.3598
345.1078	0.3665
345.0937	0.3745
345.0797	0.3829
345.0656	0.3889
345.0516	0.3960
345.0375	0.4031
345.0234	0.4088
345.0094	0.4154
344.9953	0.4210
344.9812	0.4274
344.9672	0.4321
344.9531	0.4382
344.9391	0.4439
344.9250	0.4485
344.9109	0.4533
344.8969	0.4583
344.8828	0.4623
344.8687	0.4672
344.8547	0.4707
344.8406	0.4740
344.8266	0.4774
344.8125	0.4812
344.7984	0.4840
344.7844	0.4858
344.7703	0.4898
344.7563	0.4921
344.7422	0.4937
344.7281	0.4963
344.7141	0.4981
344.7000	0.4998
344.6859	0.5014
344.6719	0.5033
344.6578	0.5043
344.6438	0.5056
344.6297	0.5057
344.6156	0.5057
344.6016	0.5057
344.5875	0.5057
344.5734	0.5057
344.5594	0.5057
344.5453	0.5057
344.5312	0.5057
344.5172	0.5057
344.5031	0.5057
344.4891	0.5057
344.4750	0.5041
344.4609	0.5018
344.4469	0.5000
344.4328	0.4972
344.4187	0.4938
344.4047	0.4917
344.3906	0.4871
344.3766	0.4829
344.3625	0.4779
344.3484	0.4741
344.3344	0.4696
344.3203	0.4633
344.3062	0.4581
344.2922	0.4527
344.2781	0.4468
344.2641	0.4396
344.2500	0.4340
344.2359	0.4278
344.2219	0.4209
344.2078	0.4142
344.1938	0.4061
344.1797	0.3992
344.1656	0.3911
344.1516	0.3839
344.1375	0.3755
344.1234	0.3686
344.1094	0.3594
344.0953	0.3503
344.0813	0.3413
344.0672	0.3331
344.0531	0.3229
344.0391	0.3141
344.0250	0.3042
344.0109	0.2941
343.9969	0.2840
343.9828	0.2745
343.9687	0.2633
343.9547	0.2536
343.9406	0.2429
343.9266	0.2320
343.9125	0.2222
343.8984	0.2124
343.8844	0.2019
343.8703	0.1920
343.8562	0.1819
343.8422	0.1719
343.8281	0.1626
343.8141	0.1521
343.8000	0.1426
343.7859	0.1329
343.7719	0.1224
343.7578	0.1127
343.7437	0.1024
343.7297	0.0928
343.7156	0.0831
343.7016	0.0726
343.6875	0.0612
343.6734	0.0518
343.6594	0.0410
343.6453	0.0317
343.6313	0.0206
343.6172	0.0103
343.6031	-0.0011
343.5891	-0.0126
343.5750	-0.0234
343.5609	-0.0336
343.5469	-0.0443
343.5328	-0.0543
343.5188	-0.0657
343.5047	-0.0758
343.4906	-0.0864
343.4766	-0.0961
343.4625	-0.1070
343.4484	-0.1169
343.4344	-0.1271
343.4203	-0.1365
343.4062	-0.1479
343.3922	-0.1572
343.3781	-0.1674
343.3641	-0.1775
343.3500	-0.1886
343.3359	-0.1981
343.3219	-0.2085
343.3078	-0.2185
343.2937	-0.2291
343.2797	-0.2407
343.2656	-0.2510
343.2516	-0.2604
343.2375	-0.2732
343.2234	-0.2817
343.2094	-0.2931
343.1953	-0.3030
343.1812	-0.3140
343.1672	-0.3234
343.1531	-0.3326
343.1391	-0.3415
343.1250	-0.3509
343.1109	-0.3600
343.0969	-0.3690
343.0828	-0.3763
343.0688	-0.3864
343.0547	-0.3923
343.0406	-0.4005
343.0266	-0.4061
343.0125	-0.4143
342.9984	-0.4223
342.9844	-0.4280
342.9703	-0.4338
342.9563	-0.4407
342.9422	-0.4474
342.9281	-0.4544
342.9141	-0.4605
342.9000	-0.4650
342.8859	-0.4699
342.8719	-0.4744
342.8578	-0.4799
342.8437	-0.4846
342.8297	-0.4892
342.8156	-0.4924
342.8016	-0.4963
342.7875	-0.4993
342.7734	-0.5023
342.7594	-0.5048
342.7453	-0.5057
342.7312	-0.5090
342.7172	-0.5107
342.7031	-0.5113
342.6891	-0.5113
342.6750	-0.5113
342.6609	-0.5113
342.6469	-0.5113
342.6328	-0.5113
342.6187	-0.5113
342.6047	-0.5113
342.5906	-0.5113
342.5766	-0.5113
342.5625	-0.5113
342.5484	-0.5107
342.5344	-0.5101
342.5203	-0.5094
342.5063	-0.5081
342.4922	-0.5081
342.4781	-0.5058
342.4641	-0.5052
342.4500	-0.5035
342.4359	-0.5023
342.4219	-0.4999
342.4078	-0.4981
342.3938	-0.4960
342.3797	-0.4932
342.3656	-0.4905
342.3516	-0.4873
342.3375	-0.4836
342.3234	-0.4801
342.3094	-0.4767
342.2953	-0.4729
342.2812	-0.4677
342.2672	-0.4624
342.2531	-0.4586
342.2391	-0.4535
342.2250	-0.4482
342.2109	-0.4433
342.1969	-0.4373
342.1828	-0.4320
342.1687	-0.4254
342.1547	-0.4190
342.1406	-0.4124
342.1266	-0.4057
342.1125	-0.3977
342.0984	-0.3911
342.0844	-0.3832
342.0703	-0.3757
342.0562	-0.3673
342.0422	-0.3589
342.0281	-0.3502
342.0141	-0.3413
342.0000	-0.3314
341.9859	-0.3224
341.9719	-0.3125
341.9578	-0.3028
341.9438	-0.2919
341.9297	-0.2824
341.9156	-0.2724
341.9016	-0.2618
341.8875	-0.2505
341.8734	-0.2403
341.8594	-0.2302
341.8453	-0.2198
341.8313	-0.2095
341.8172	-0.1994
341.8031	-0.1878
341.7891	-0.1779
341.7750	-0.1663
341.7609	-0.1555
341.7469	-0.1450
341.7328	-0.1345
341.7187	-0.1232
341.7047	-0.1119
341.6906	-0.1012
341.6766	-0.0899
341.6625	-0.0774
341.6484	-0.0662
341.6344	-0.0540
341.6203	-0.0439
341.6062	-0.0315
341.5922	-0.0203
341.5781	-0.0080
341.5641	0.0028
341.5500	0.0152
341.5359	0.0261
341.5219	0.0380
341.5078	0.0492
341.4937	0.0600
341.4797	0.0719
341.4656	0.0827
341.4516	0.0933
341.4375	0.1055
341.4234	0.1159
341.4094	0.1266
341.3953	0.1361
341.3813	0.1474
341.3672	0.1582
341.3531	0.1695
341.3391	0.1792
341.3250	0.1899
341.3109	0.2004
341.2969	0.2113
341.2828	0.2209
341.2688	0.2315
341.2547	0.2414
341.2406	0.2526
341.2266	0.2617
341.2125	0.2717
341.1984	0.2818
341.1844	0.2914
341.1703	0.3012
341.1562	0.3099
341.1422	0.3192
341.1281	0.3281
341.1141	0.3354
341.1000	0.3445
341.0859	0.3527
341.0719	0.3607
341.0578	0.3685
341.0437	0.3756
341.0297	0.3822
341.0156	0.3890
341.0016	0.3963
340.9875	0.4024
340.9734	0.4090
340.9594	0.4148
340.9453	0.4212
340.9312	0.4264
340.9172	0.4320
340.9031	0.4371
340.8891	0.4422
340.8750	0.4479
340.8609	0.4514
340.8469	0.4563
340.8328	0.4617
340.8188	0.4652
340.8047	0.4688
340.7906	0.4719
340.7766	0.4757
340.7625	0.4789
340.7484	0.4824
340.7344	0.4848
340.7203	0.4869
340.7063	0.4898
340.6922	0.4909
340.6781	0.4938
340.6641	0.4956
340.6500	0.4982
340.6359	0.4992
340.6219	0.5004
340.6078	0.5022
340.5937	0.5034
340.5797	0.5039
340.5656	0.5054
340.5516	0.5054
340.5375	0.5054
340.5234	0.5054
340.5094	0.5054
340.4953	0.5054
340.4812	0.5054
340.4672	0.5054
340.4531	0.5054
340.4391	0.5054
340.4250	0.5054
340.4109	0.5036
340.3969	0.5023
340.3828	0.4994
340.3687	0.4966
340.3547	0.4933
340.3406	0.4901
340.3266	0.4865
340.3125	0.4824
340.2984	0.4784
340.2844	0.4728
340.2703	0.4683
340.2563	0.4626
340.2422	0.4576
340.2281	0.4516
340.2141	0.4459
340.2000	0.4395
340.1859	0.4333
340.1719	0.4264
340.1578	0.4204
340.1438	0.4128
340.1297	0.4067
340.1156	0.3994
340.1016	0.3915
340.0875	0.3838
340.0734	0.3758
340.0594	0.3669
340.0453	0.3597
340.0312	0.3505
340.0172	0.3416
340.0031	0.3323
339.9891	0.3230
339.9750	0.3134
339.9609	0.3042
339.9469	0.2930
339.9328	0.2834
339.9187	0.2734
339.9047	0.2627
339.8906	0.2524
339.8766	0.2424
339.8625	0.2320
339.8484	0.2220
339.8344	0.2127
339.8203	0.2024
339.8062	0.1930
339.7922	0.1829
339.7781	0.1735
339.7641	0.1648
339.7500	0.1538
